
 INIZIA29061
29062
29063
29064
29073
29074
29075
29076
29077
29085
29086
29087
29088
29097
29098
29099
29100
29109
29110
29111
29112
29121
29122
29123
29124
29133
29134
29135
29136
29137
29145
29146
29147
29148
29157
29158
29159
29169
29170
29171
29172
29181
29182
29183
29184
29185
29193
29194
29195
29196
29205
29206
29207
29208
29229
29230
29231
29232
29241
29242
29243
29244
29253
29254
29255
29256
29265
29266
29267
29268
29277
29278
29279
29280
29289
29290
29291
29292
29293
29301
29302
29303
29304
29313
29314
29315
29316
29325
29326
29327
29328
29337
29338
29339
29340
29341
29349
29350
29351
29352
29361
29362
29363
29364
29373
29385
29386
29387
29388
29397
29398
29399
29400
29409
29410
29411
29412
29421
29422
29423
29424
29433
29434
29435
29436
29445
29446
29447
29448
29457
29458
29459
29460
29469
29470
29471
29472
29473
29481
29482
29483
29484
29493
29494
29495
29496
29497
29505
29506
29507
29508
29517
29518
29519
29520
29529
29530
29531
29532
29541
29542
29543
29544
29553
29554
29555
29556
29565
29566
29567
29568
29569
29577
29589
29590
29591
29592
29601
29602
29603
29604
29613
29614
29615
29616
29625
29626
29627
29628
29637
29638
29639
29640
29641
29649
29661
29662
29663
29664
29673
29674
29675
29685
29686
29687
29688
29697
29698
29699
29700
29709
29710
29711
29721
29722
29723
29724
29733
29734
29735
29736
29745
29746
29747
29748
29749
29757
29758
29759
29769
29770
29771
29772
29773
29781
29782
29783
29784
29785
29793
29794
29795
29796
29805
29806
29807
29808
29817
29818
29819
29820
29829
29830
29831
29832
29833
29841
29842
29843
29844
29853
29854
29855
29856
29865
29866
29867
29868
29877
29878
29879
29880
29889
29890
29891
29892
29901
29902
29903
29904
29913
29914
29915
29916
29925
29926
29927
29928
29937
29938
29939
29940
29949
29950
29951
29952
29961
29962
29963
29964
29973
29974
29975
29976
29977
29985
29986
29987
29988
29997
29998
29999
30000
30010
30021
30022
30023
30024
30033
30034
30035
30036
30045
30046
30047
30048
30057
30058
30059
30069
30070
30071
30072
30081
30082
30083
30084
30093
30094
30095
30096
30097
30105
30106
30107
30108
30117
30118
30119
30120
30129
30130
30131
30132
30141
30142
30143
30144
30153
30154
30155
30156
30157
30165
30166
30167
30177
30178
30179
30180
30189
30190
30191
30192
30201
30202
30203
30204
30213
30214
30215
30216
30225
30226
30227
30228
30237
30238
30239
30240
30249
30250
30251
30252
30261
30262
30263
30264
30265
30273
30274
30275
30276
30285
30286
30287
30288
30297
30298
30299
30300
30309
30310
30311
30312
30313
30321
30322
30323
30324
30345
30346
30347
30348
30349
30357
30358
30359
30360
30361
30362
30363
30369
30370
30371
30372
30373
30374
30375
30376
30377
30381
30382
30383
30384
30393
30394
30395
30396
30397
30405
30406
30407
30408
30417
30418
30419
30429
30430
30431
30432
30441
30442
30443
30444
30453
30454
30455
30456
30465
30466
30467
30468
30477
30478
30479
30480
30481
30489
30490
30491
30492
30501
30502
30503
30504
30505
30513
30514
30515
30516
30525
30526
30527
30528
30529
30537
30538
30539
30540
30549
30550
30551
30552
30561
30562
30563
30564
30565
30573
30574
30575
30576
30585
30586
30587
30588
30589
30597
30598
30599
30600
30609
30610
30611
30612
30621
30622
30623
30624
30633
30634
30635
30645
30646
30647
30648
30669
30670
30671
30672
30681
30682
30683
30693
30694
30695
30696
30717
30718
30719
30720
30729
30730
30731
30732
30741
30742
30743
30744
30753
30754
30755
30756
30757
30765
30766
30767
30768
30777
30778
30779
30780
30789
30790
30791
30792
30801
30802
30803
30804
30813
30825
30826
30827
30828
30837
30838
30839
30840
30849
30850
30851
30852
30861
30862
30863
30864
30873
30885
30886
30887
30888
30897
30898
30899
30900
30909
30910
30911
30912
30921
30922
30923
30924
30933
30934
30935
30936
30945
30946
30947
30948
30957
30958
30959
30960
30993
30994
30995
30996
31005
31006
31007
31008
31017
31018
31019
31020
31021
31029
31030
31031
31032
31041
31042
31043
31044
31053
31054
31055
31056
31065
31066
31067
31068
31077
31078
31079
31080
31089
31090
31091
31092
31101
31102
31103
31104
31105
31113
31114
31115
31116
31161
31162
31163
31164
31185
31186
31187
31188
31209
31210
31211
31212
31221
31222
31223
31224
31233
31234
31235
31236
31237
31245
31246
31247
31248
31257
31258
31259
31260
31269
31270
31271
31272
31281
31282
31283
31284
31293
31294
31295
31296
31305
31306
31307
31308
31317
31318
31319
31320
31329
31330
31331
31332
31341
31342
31343
31344
31353
31354
31355
31365
31366
31367
31368
31369
31377
31378
31379
31380
31389
31390
31391
31392
31402
31413
31414
31415
31416
31425
31437
31438
31439
31440
31449
31450
31451
31452
31453
31462
31463
31464
31485
31497
31498
31499
31500
31509
31510
31511
31512
31521
31522
31523
31557
31558
31559
31560
31593
31594
31595
31596
31605
31606
31607
31608
31629
31630
31631
31632
31653
31654
31655
31656
31677
31678
31679
31680
31833
31834
31835
31836
31845
31846
31847
31848
31857
31858
31859
31860
31861
31869
31870
31871
31872
31881
31882
31883
31884
31893
31894
31895
31896
32049
32050
32051
32052
32073
32074
32075
32076
32121
32122
32123
32124
32133
32134
32135
32385
32386
32387
32388
32397
32398
32399
32400
32493
32494
32495
32496
32497
32614
32615
32616
32617
32733
32734
32735
32736
32737
32745
32746
32747
32748
32757
32758
32759
32760
32761
32769
32770
32771
32772
32781
32782
32783
32784
